# frame
0
800
1200
1600
4000
4800
5200
6400
9200
10400
12800
15200
15600
16400
17600
18000
18400
18800
20400
20800
22400
22800
25600
26400
26800
30400
30800
31600
33200
34000
35200
35600
36400
37200
40000
40400
40800
42400
56400
58000
58400
59200
60400
63600
64000
64800
65200
65600
66400
66800
68800
70000
70400
71200
71600
72400
72800
74400
75600
76000
78800
80800
81600
82000
82400
82800
85600
86400
87600
89200
89600
90800
91200
91600
92000
93200
94800
95600
96000
96400
98000
100000
100800
101600
104000
107200
108400
109200
110000
111200
111600
113200
116000
116800
117600
118800
119600
122000
122400
123600
124000
126800
127200
129600
130000
132800
133600
134400
135600
136800
138800
140000
140800
141200
141600
143200
145200
148400
150000
151600
154400
154800
155600
156000
157200
158800
159200
159600
160800
161200
162000
163600
165200
166800
167600
169200
170800
173200
173600
174400
175600
176000
177600
178000
178400
179600
180000
181200
181600
185600
186000
189600
190000
190400
191200
192000
193200
193600
194400
195200
196400
197600
198800
199600
200400
200800
201200
201600
203200
205600
206000
206800
207600
208000
208800
209200
210800
212000
212800
213200
214000
217200
217600
218000
218400
220800
221600
223200
223600
224400
226800
229200
230400
232800
233200
234800
235600
236400
237200
238400
238800
239200
240000
240400
241200
241600
243600
244000
244400
245200
245600
247200
247600
248400
248800
249200
250000
250400
250800
251600
255600
256000
258400
258800
259200
260400
260800
264400
266800
267600
268400
270000
271600
272000
273200
276800
277200
278000
278400
280800
282800
284400
285200
286400
286800
287600
288000
289600
290400
291200
292800
293200
293600
294800
295600
296000
299200
299600
305200
307200
308000
308400
309200
310800
311600
312000
312800
314000
314800
317200
318000
318400
319600
321200
321600
322000
322800
323600
324800
328800
329600
331600
332000
332800
333200
334800
335200
336000
337200
341600
342400
342800
344000
344400
346400
346800
347600
349200
349600
350400
351200
352000
352800
354000
354800
356400
356800
357200
358000
358400
359600
360000
360400
364400
365200
365600
366000
370000
372000
372800
374400
375600
377600
378000
378800
380000
380800
382000
382400
383200
383600
384000
384400
384800
385600
386000
388000
388800
389600
390000
392400
396800
398800
400000
400800
401600
402400
403600
404000
404400
406000
406400
406800
407200
407600
409200
409600
410800
411200
413200
413600
414000
414800
415600
416800
418000
419200
420000
420400
421600
422000
422800
423200
426000
426800
427600
429600
430000
432000
432400
435600
436000
438000
438400
438800
439200
439600
440000
441200
442400
444000
445200
445600
446000
446400
449600
451200
451600
452400
455200
456000
456400
457200
457600
458000
458400
459200
461200
461600
462400
466400
469600
471200
471600
472400
473600
474000
476400
476800
478000
479200
480000
482000
484800
486400
486800
487200
488800
489600
492000
492800
493200
495200
496000
496400
497200
498000
498400
504400
505200
507600
508000
508800
510000
511200
512400
512800
513200
513600
515200
516800
518000
518400
518800
519200
519600
520000
521600
522800
523200
524000
525200
526400
527200
527600
528000
528800
530400
531200
532000
533200
534000
534400
535600
536000
536800
538800
539200
540400
542400
542800
543200
543600
544800
545600
546400
547600
548000
550400
551200
554000
555200
556000
556400
556800
557600
558000
559200
560400
560800
561200
562000
563200
564400
564800
565200
566000
566400
566800
567200
567600
568400
568800
570400
571200
572400
572800
573200
573600
574800
575200
576000
576800
577200
578000
578800
579200
580000
580400
580800
582800
584800
586400
587200
588800
590800
592000
592800
593200
594000
595200
597200
600000
600400
601600
604800
605600
606800
608400
610800
613600
614000
614400
614800
615600
616800
617600
618400
619600
620000
621600
622000
622800
624000
626000
626400
628000
632400
632800
633200
637600
638800
640800
641200
641600
644400
644800
646400
646800
647200
648800
650000
650400
654000
655600
656800
657200
658800
659200
660800
662400
664000
664400
666400
666800
667200
668800
670800
672000
672400
672800
674000
674400
675600
679600
680400
681600
682000
684400
685200
688400
688800
689200
690000
690800
691200
691600
692000
692800
693200
694800
696400
696800
697200
698000
698400
701600
702400
702800
705600
708800
711200
712800
714800
715600
716800
719200
720400
722400
724800
725200
726000
727600
728000
728800
729200
730400
732000
734800
735600
736000
740000
741200
741600
744000
744400
745200
746400
748000
748400
760400
761200
762800
763200
763600
765200
766400
767600
769200
771600
772000
773200
774400
776400
777200
778400
779600
780000
782000
782800
783200
783600
784000
784800
785200
786000
786800
787600
791200
791600
792400
792800
793200
795200
795600
796000
796800
798400
798800
799200
800800
805200
806400
807200
808000
809200
809600
813200
814400
816000
816800
817200
817600
818800
819200
828400
828800
830000
830400
831200
831600
833600
834800
835600
836000
836400
838000
840400
840800
842400
842800
844000
845200
847200
848400
848800
849600
850000
850400
852000
853200
854400
854800
856400
856800
857200
858800
859200
859600
860000
860400
861600
862400
864400
864800
865600
866000
874800
875600
876000
876400
877200
878400
878800
879600
880000
881200
882400
884000
885200
887200
888400
890400
891200
892000
892800
895200
896800
897200
899200
899600
900400
901600
902800
903200
903600
906400
909200
910000
912400
913200
913600
914000
914400
914800
916400
916800
919200
920000
920800
922000
922400
924800
926400
926800
927600
928400
929200
930800
931200
932000
933200
938000
940000
940400
940800
941200
942000
945200
948400
951600
954000
954400
956000
957600
958000
960800
961200
962000
963200
963600
964400
964800
965600
966400
967600
969200
972000
974000
974800
975200
975600
976000
976400
978000
979200
980000
980800
981600
984800
985600
986000
986400
987200
988800
989200
989600
990000
990800
991200
992000
992400
993200
994400
994800
996400
997200
998400
999200
