# frame
400
2000
2400
2800
3200
5600
6800
7600
10000
12000
12400
13200
13600
14000
14400
19200
21200
21600
22000
28000
28400
28800
29200
29600
30000
31200
32800
34400
36000
38000
38800
39200
39600
41600
42800
57200
57600
60000
61200
61600
62800
63200
64400
66000
67600
68000
68400
69200
69600
72000
73200
74000
74800
76400
77200
77600
78400
79200
79600
80400
81200
83200
83600
84000
84400
85200
88800
90400
92400
92800
93600
94000
95200
96800
97200
97600
100400
101200
102400
103200
104800
105200
105600
106800
109600
110400
112000
112400
114000
114800
115200
115600
119200
120000
120400
120800
121200
121600
122800
124400
125200
125600
126400
128800
130800
132000
132400
134000
134800
137200
137600
138400
142000
142800
143600
144400
144800
145600
146000
146400
147600
148800
149200
150400
150800
152000
152400
153600
154000
155200
156400
156800
157600
160000
163200
164400
165600
166000
166400
167200
168000
168400
168800
170000
170400
171200
171600
172000
172400
174800
175200
176400
176800
178800
180400
182000
182400
182800
183200
184000
184400
186400
186800
187600
188000
188400
191600
192400
192800
194000
195600
196000
196800
197200
198400
200000
202000
202400
202800
203600
204400
206400
208400
209600
210000
211600
212400
214400
214800
216000
216400
216800
219600
220400
221200
222000
222400
224000
224800
226000
226400
227600
228000
228400
228800
231200
231600
232000
232400
233600
234000
234400
236000
236800
237600
238000
240800
244800
246000
246800
248000
249600
251200
252000
252400
252800
253600
254000
255200
257200
257600
258000
260000
261200
261600
262000
263600
264000
264800
265200
266400
268000
268800
269600
270400
270800
271200
272800
274800
276000
277600
279600
280400
281200
281600
282400
283600
284800
285600
287200
289200
290800
291600
294000
295200
296800
298000
298400
298800
305600
306000
307600
309600
310000
311200
312400
313200
314400
315600
316800
320400
320800
322400
329200
330000
332400
333600
341200
344800
348000
348800
350000
351600
353200
353600
354400
355200
357600
358800
359200
363200
363600
367600
368400
370400
370800
371200
371600
373200
373600
374000
374800
377200
380400
381600
385200
386400
387200
388400
389200
390800
391200
391600
392000
392800
393200
394000
394400
394800
395600
396400
397600
400400
401200
403200
405200
408000
410000
410400
411600
412000
412400
412800
414400
415200
416400
417200
417600
418800
420800
421200
423600
424400
424800
425600
426400
427200
428000
428400
429200
430400
431200
431600
432800
433600
435200
436400
437200
441600
442000
442800
443600
444400
446800
447200
448000
448400
449200
450000
450400
452000
452800
453200
454800
455600
456800
459600
460000
460800
462000
462800
463600
464000
464400
466000
466800
467200
467600
468000
469200
470000
470400
472000
472800
473200
474800
475600
476000
477200
478400
481600
482400
483200
483600
484000
484400
485600
486000
487600
488000
488400
489200
490000
491600
492400
493600
494000
494800
496800
497600
498800
503200
506000
506400
506800
509200
509600
510400
510800
511600
512000
514000
514400
514800
516000
520400
522400
524400
524800
526000
528400
529200
531600
532800
534800
535200
536400
537600
538000
539600
541200
541600
542000
544400
546000
548800
549200
549600
551600
552000
552400
552800
553200
553600
555600
557200
558400
558800
563600
564000
565600
568000
569200
569600
571600
574000
577600
578400
579600
581200
581600
582400
583600
584000
585200
586000
586800
587600
588000
588400
589200
589600
590000
590400
592400
594400
596000
596800
597600
598400
601200
602800
603200
604000
604400
605200
606000
607200
608800
609600
610000
611200
612000
612400
613200
617200
618000
618800
619200
620400
622400
623200
623600
624800
625200
625600
628400
629200
629600
630000
630400
630800
631600
632000
633600
634400
636000
637200
638400
639200
639600
640400
642800
643600
644000
646000
647600
648000
649200
650800
651200
651600
652800
653600
655200
656000
657600
658000
659600
660400
661600
663600
664800
667600
668000
669600
670000
670400
671200
675200
676000
676400
678000
678800
679200
682800
683200
683600
686000
686400
686800
687600
688000
692400
693600
694000
694400
695200
696000
697600
700000
701200
702000
703200
703600
704000
704400
704800
705200
706800
707200
707600
708000
709600
710000
710400
710800
711600
712400
714000
714400
715200
716000
716400
717200
718800
719600
720000
720800
721200
722800
726800
727200
730800
731200
732800
733200
733600
734000
734400
735200
736400
736800
737600
738000
739200
739600
740400
740800
742000
742400
742800
745600
746000
746800
748800
755200
758000
759600
760800
761600
764000
766000
766800
767200
768400
768800
769600
770400
772400
773600
774000
776800
777600
778000
778800
779200
780400
780800
781200
782400
784400
786400
788000
789200
789600
792000
794000
794800
796400
797600
799600
800400
803200
803600
804000
804400
804800
805600
810400
810800
811200
812400
813600
814000
815200
815600
816400
818000
825600
826400
826800
827600
829200
829600
832400
832800
833200
835200
836800
837200
837600
838800
840000
841200
841600
842000
843200
844800
845600
846800
848000
850800
851600
852400
854000
855200
855600
858000
862000
862800
863200
863600
865200
866400
866800
867200
867600
871600
872000
872400
872800
873200
874400
876800
880800
882800
883200
884400
884800
886000
886800
887600
888000
888800
889200
890000
890800
891600
894000
894400
895600
896000
897600
898800
900000
905200
906000
906800
907200
907600
908000
908400
909600
910400
911600
912800
915600
916000
917600
918800
921600
923600
924400
925200
925600
926000
928800
934800
935200
935600
936000
936800
937200
937600
939200
939600
941600
943200
944000
944400
946000
946400
946800
947600
948000
950400
950800
951200
952000
952400
952800
953200
953600
954800
957200
958400
960000
960400
961600
962800
965200
966000
966800
967200
968000
970000
970400
970800
971200
971600
972400
972800
973200
974400
976800
977200
977600
978400
978800
980400
982000
982400
983600
984400
985200
986800
988000
988400
993600
994000
995200
995600
996000
996800
997600
1000000
