# frame
6000
7200
8000
8400
8800
10800
11200
11600
14800
16000
16800
17200
19600
20000
23200
23600
24000
24400
24800
26000
27200
27600
32000
32400
33600
34800
36800
37600
38400
41200
42000
56800
58800
59600
60800
62000
62400
67200
70800
75200
76800
78000
84800
86000
86800
87200
88000
88400
90000
94400
98400
98800
99200
99600
102000
102800
103600
104400
106000
106400
107600
108000
108800
110800
112800
113600
114400
116400
117200
118000
118400
123200
124800
126000
129200
130400
131200
131600
133200
136000
136400
138000
140400
142400
144000
148000
149600
151200
152800
153200
158000
158400
160400
161600
162400
162800
164000
164800
169600
172800
174000
177200
179200
180800
183600
185200
187200
188800
189200
190800
194800
198000
199200
204000
204800
205200
207200
210400
211200
213600
215200
215600
218800
219200
220000
222800
225200
225600
229600
230000
230800
235200
239600
242000
242400
246400
253200
254400
254800
256400
256800
259600
262400
262800
263200
265600
266000
267200
269200
272400
273600
274000
274400
275200
276400
278800
279200
280000
282000
283200
284000
286000
288400
288800
290000
292000
292400
294400
296400
297200
300000
300400
300800
301200
301600
302000
302400
302800
303200
303600
304000
304400
304800
306400
306800
308800
310400
313600
315200
316000
316400
317600
318800
319200
320000
323200
324000
325200
325600
326000
326400
326800
327200
327600
328000
328400
330400
330800
334000
334400
342000
343200
343600
345200
345600
346000
347200
350800
352400
355600
356000
360800
361200
361600
362400
362800
364000
364800
366400
366800
367200
368000
368800
369200
369600
372400
375200
376000
376400
376800
378400
379200
379600
381200
382800
386800
387600
390400
393600
396000
397200
398000
398400
399200
399600
402000
402800
404800
405600
408400
408800
416000
418400
419600
422400
424000
425200
428800
433200
434000
434400
434800
436800
437600
440400
440800
443200
444800
447600
450800
453600
454000
454400
458800
460400
463200
464800
465200
465600
468400
468800
470800
474400
475200
477600
478800
480400
480800
481200
482800
485200
490400
490800
491200
494400
495600
503600
504000
504800
505600
507200
508400
515600
516400
517200
517600
520800
521200
522000
523600
525600
526800
529600
530000
530800
532400
533600
537200
538400
540000
540800
544000
545200
547200
548400
550000
550800
554400
554800
559600
560000
562400
562800
570000
570800
572000
574400
575600
576400
582000
583200
584400
585600
591200
591600
593600
594800
595600
596400
598000
598800
599200
599600
600800
602000
602400
603600
606400
607600
608000
609200
610400
611600
612800
615200
616000
616400
620800
621200
624400
626800
627200
627600
628800
631200
634000
634800
635200
635600
636400
636800
638000
640000
642000
642400
643200
645200
645600
648400
649600
652000
652400
653200
654400
654800
656400
658400
660000
661200
662000
662800
663200
665200
665600
666000
668400
669200
671600
673200
673600
674800
676800
677200
677600
678400
680000
680800
681200
682400
684000
684800
685600
689600
690400
695600
698800
699200
699600
700400
700800
706000
706400
708400
709200
712000
713200
713600
717600
718000
718400
721600
722000
723200
723600
724000
724400
725600
726400
728400
729600
730000
731600
732400
737200
738400
738800
743200
743600
744800
747200
747600
759200
760000
762000
762400
764400
764800
765600
768000
770000
771200
772800
774800
775200
775600
776000
781600
785600
787200
790000
790400
790800
793600
794400
798000
800000
806000
806800
807600
808400
808800
810000
811600
812000
812800
814800
818400
819600
820000
820400
820800
826000
827200
828000
830800
832000
834000
834400
838400
839200
839600
843600
844400
846000
846400
847600
849200
851200
852800
853600
856000
857600
858400
860800
861200
864000
873600
874000
875200
878000
879200
880400
881600
882000
883600
885600
886400
889600
892400
893200
893600
894800
896400
898000
898400
900800
901200
902000
902400
904000
904400
904800
905600
908800
910800
911200
912000
915200
917200
918000
918400
919600
920400
921200
922800
923200
924000
927200
928000
929600
930000
930400
931600
932400
932800
933600
934000
934400
936400
938400
938800
942400
942800
943600
944800
945600
947200
948800
949200
950000
955200
955600
956400
956800
958800
959200
959600
962400
964000
968400
968800
969600
973600
979600
981200
982800
983200
984000
987600
990400
991600
992800
998000
998800
999600
