# frame
3600
4400
9600
25200
43200
43600
44000
44400
44800
45200
45600
46000
46400
46800
47200
47600
48000
48400
48800
49200
49600
50000
50400
50800
51200
51600
52000
52400
52800
53200
53600
54000
54400
54800
55200
55600
56000
73600
80000
127600
128000
128400
135200
139200
139600
146800
147200
184800
227200
242800
243200
275600
297600
324400
331200
335600
336400
336800
337600
338000
338400
338800
339200
339600
340000
340400
340800
348400
362000
395200
430800
448800
479600
499200
499600
500000
500400
500800
501200
501600
502000
502400
502800
546800
561600
687200
749200
749600
750000
750400
750800
751200
751600
752000
752400
752800
753200
753600
754000
754400
754800
755600
756000
756400
756800
757200
757600
758400
758800
770800
788400
788800
797200
801200
801600
802000
802400
802800
821200
821600
822000
822400
822800
823200
823600
824000
824400
824800
825200
868000
868400
868800
869200
869600
870000
870400
870800
871200
877600
949600
